-0.48263916
-0.038017824
-1.0431104
0.19660783
-0.42090148
-0.38892764
-0.23266448
-0.8625555
-0.89046335
-1.0576359
0.055141598
-0.25664365
-0.20680982
-0.31251276
-1.0754254
0.290371
-0.27597094
-0.34364736
-0.59205294
-0.98289466
-1.2885642
-0.53432006
-0.817997
-0.25639218
0.074564815
-0.5795025
-0.5033089
-0.43181995
-0.7942103
-0.01740431
-0.2722516
-0.7723129
0.45564795
-0.5920212
0.10723466
-0.17251581
-0.059587944
-0.87690765
-0.96355224
-0.15140547
-0.19431996
-0.11117109
-0.25484383
-0.6968812
-0.09573422
0.3353535
-0.5260492
-0.50020295
-0.6955408
-0.6165801
-0.52179813
-1.0253329
-0.0192241
-0.5509381
-0.47498843
-0.046602115
0.14462927
-0.16694419
0.34211832
-0.22672747
-0.2678141
-0.7866303
-1.9856987
-0.09085624
