5.529520034790039
5.440545082092285
5.404306411743164
7.31119441986084
6.902493476867676
3.735161066055298
3.556586980819702
3.3338990211486816
3.6599366664886475
5.019975662231445
4.900113105773926
6.554816722869873
5.728755950927734
5.313454627990723
4.4598002433776855
8.20637035369873
5.825823783874512
5.818007469177246
7.074790954589844
5.68754768371582
4.728530406951904
4.516660690307617
3.55157470703125
4.955451011657715
4.232598304748535
6.653249740600586
4.599145889282227
5.0037336349487305
6.494619369506836
6.456324577331543
8.245312690734863
5.70424222946167
4.429479598999023
4.912318229675293
5.835333824157715
6.832820892333984
5.2917890548706055
3.494471788406372
3.440955638885498
6.12728214263916
6.329534530639648
5.889761447906494
7.283083915710449
6.265298843383789
5.8671064376831055
6.460593223571777
6.882777214050293
6.363298416137695
5.8850860595703125
6.060744285583496
6.033129692077637
4.854180812835693
5.247696399688721
3.713968276977539
7.086420059204102
7.793087959289551
5.34339714050293
4.249563694000244
7.849905967712402
4.214787483215332
6.691830635070801
6.561153411865234
6.381516456604004
7.183006286621094
