8.271062850952148
8.065149307250977
6.102931022644043
8.420371055603027
8.544417381286621
7.557082176208496
8.081050872802734
8.087152481079102
7.559870719909668
7.296445846557617
7.485337257385254
6.554816722869873
8.358344078063965
7.849522590637207
7.402117729187012
8.20637035369873
8.063023567199707
8.871450424194336
7.423980712890625
7.2195634841918945
7.5633697509765625
8.462480545043945
7.242348670959473
7.209202766418457
8.171570777893066
7.853459358215332
8.224884986877441
7.5724945068359375
7.340751647949219
7.653425216674805
8.245312690734863
8.168289184570312
7.97514533996582
8.060017585754395
8.21471118927002
7.130073547363281
8.20308780670166
8.146565437316895
6.955386638641357
7.345909118652344
7.7046003341674805
6.153825759887695
8.07082462310791
7.85141658782959
8.426316261291504
6.460593223571777
8.244361877441406
6.363298416137695
7.8204145431518555
7.181146621704102
7.220281600952148
7.8668012619018555
7.931087493896484
8.802976608276367
7.564105033874512
7.793087959289551
8.328186988830566
7.399211883544922
8.319326400756836
7.743071556091309
6.88427734375
8.071014404296875
7.8359575271606445
8.148504257202148
