0.40661705
-0.038017824
0.25835818
0.42817545
0.5938195
0.8104339
-0.09185997
0.6365359
-0.26199138
0.6588497
0.44774604
-0.25664365
1.1328263
0.1801492
0.472093
0.87442386
0.8660924
1.2217319
0.40077722
-0.23315647
0.90659064
0.2937884
-0.19667238
0.402192
0.074564815
0.9215699
1.0382905
0.33932275
1.2061791
0.17968628
0.18084055
1.2239511
0.9595919
-0.19229522
0.52774054
0.58263594
-0.043603756
0.7775726
0.718085
0.5326221
0.2514512
-0.020568728
1.1924684
-0.026541926
0.39680505
0.3353535
0.17213589
-0.04957278
1.1159594
0.7910175
-0.022034213
1.0686395
-0.0192241
0.73731047
0.76251423
0.19268021
0.21117133
0.5570964
0.34211832
-0.17535132
1.3088536
0.8134986
0.05831623
-0.09085624
