-0.7073724865913391
-0.5181432962417603
0.17820589244365692
-0.6468772292137146
0.04996662214398384
0.9122017025947571
-1.0962731838226318
0.6983374357223511
-0.7831640243530273
-0.5435932874679565
0.17716406285762787
-0.6822012662887573
0.058136340230703354
0.9099316000938416
-1.1281570196151733
0.6962822079658508
-0.7507435083389282
-0.53955078125
0.2219875454902649
-0.6475450992584229
0.04000239074230194
0.9251866340637207
-1.1059396266937256
0.7028231620788574
-0.703032374382019
-0.4859873652458191
0.2798074781894684
-0.6101059913635254
0.08374066650867462
0.9417866468429565
-1.0917187929153442
0.70778489112854
-0.678501546382904
-0.46429508924484253
0.22934365272521973
-0.60044926404953
0.1059279516339302
0.9339010715484619
-1.0958153009414673
0.7233750820159912
-0.7190073728561401
-0.46983158588409424
0.19696691632270813
-0.6339568495750427
0.12504546344280243
0.9187842607498169
-1.0990524291992188
0.7091759443283081
-0.8151123523712158
-0.5905275344848633
0.16988207399845123
-0.7056506872177124
-0.03636658191680908
0.9175655245780945
-1.0989189147949219
0.6512682437896729
-0.7811530232429504
-0.5686269402503967
0.1540614515542984
-0.6936471462249756
-0.015000026673078537
0.918350338935852
-1.1156787872314453
0.673791229724884
