-0.0007868550892453641
-0.0011494511272758245
-0.0015392117202281952
-0.0015738083166070282
-0.0018470590002834797
-0.002141093573300168
-0.0009622435900382698
-0.0017981275159399956
-0.0010321818990632892
-0.000715485803084448
-0.0010169726447202265
-0.001443046232452616
-0.00025966495741158724
-0.0006311310862656683
-0.0015532384859398007
-0.0009169502300210297
-0.001069110439857468
-0.0018586729129310697
-0.0015549261297564954
-0.0016114653262775391
-0.00040002132300287485
-0.0016931869613472372
-0.0009651144209783524
-0.0013862148625776172
-0.001251733599929139
-0.0015619540645275265
-0.0007364462362602353
-0.0007138696382753551
-0.0011356089962646365
-0.0020311135449446738
-0.001106501033063978
-0.0010446782689541578
-0.0012739256781060249
-0.0019004696514457464
-0.0011306690284982324
-0.0017128372855950147
-0.0011889323068317026
-0.0013804009649902582
-0.0013262500579003245
-0.0014983359433244914
-0.0015580242325086147
-0.0015562511689495295
-0.0007191670010797679
-0.0012379867839626968
-0.0015639632474631071
-0.0008443607657682151
-0.002030267525697127
-0.0011785728856921196
-0.0017648587236180902
-0.0008232439286075532
-0.0016167227877303958
-0.0013272642099764198
-0.0012810523621737957
-0.0013813592377118766
-0.00150204190867953
-0.0013434698921628296
-6.40187063254416e-05
-0.0010366657515987754
-0.0011728612298611552
-0.0015262641536537558
-0.001777286088326946
-0.0011305481602903455
-0.0019208688754588366
-0.001424758491339162
