-0.7371376752853394
-0.514390766620636
0.1731141209602356
-0.6516298055648804
0.005838735029101372
0.937402606010437
-1.0966280698776245
0.6846621632575989
-0.7628352642059326
-0.5264345407485962
0.1783497929573059
-0.6477727293968201
0.052194464951753616
0.9230334758758545
-1.1293479204177856
0.6810086965560913
-0.7042883634567261
-0.4838939905166626
0.2145920693874359
-0.6101718544960022
0.05135924369096756
0.9368100762367249
-1.082966685295105
0.6983366012573242
-0.7570073008537292
-0.5132905840873718
0.1520971655845642
-0.6450368762016296
0.01892613060772419
0.9334437847137451
-1.0958389043807983
0.6847395896911621
-0.7872371077537537
-0.5498415231704712
0.15198518335819244
-0.7001575231552124
-0.015078850090503693
0.9081511497497559
-1.11282479763031
0.6722365617752075
-0.7727816104888916
-0.5225712656974792
0.2722238600254059
-0.6668419241905212
0.02543269842863083
0.9366520643234253
-1.0916966199874878
0.7039849162101746
-0.7844180464744568
-0.566682755947113
0.10796245187520981
-0.6821975111961365
-0.10750898718833923
0.9159639477729797
-1.112062692642212
0.6501033306121826
-0.7697126269340515
-0.5420613288879395
0.14966048300266266
-0.6376038789749146
0.07652859389781952
0.9279941320419312
-1.1044349670410156
0.6777214407920837
